M000 21.44380263 -30.71292499 1095.967 13.5
M001 21.44390058 -30.71260458 1095.239 13.5
M002 21.4435537 -30.71307782 1095.114 13.5
M003 21.44319459 -30.71287977 1094.538 13.5
M004 21.44259852 -30.71333673 1094.708 13.5
M005 21.44282331 -30.71360886 1094.803 13.5
M006 21.44369859 -30.71371986 1095.046 13.5
M007 21.44295373 -30.71468757 1095.823 13.5
M008 21.44291264 -30.71588066 1096.477 13.5
M009 21.44422662 -30.7144019 1096.08 13.5
M010 21.44480843 -30.71567185 1097.131 13.5
M011 21.4447658 -30.71423075 1096.214 13.5
M012 21.4453504 -30.71437675 1096.267 13.5
M013 21.44636051 -30.71460393 1097.04 13.5
M014 21.44681848 -30.71363293 1096.192 13.5
M015 21.44608755 -30.71303186 1095.434 13.5
M016 21.44689663 -30.71273181 1095.521 13.5
M017 21.4459725 -30.71206798 1094.641 13.5
M018 21.44499245 -30.71327292 1095.376 13.5
M019 21.44567154 -30.71362782 1095.906 13.5
M020 21.44490153 -30.71375783 1095.645 13.5
M021 21.44079962 -30.71400673 1093.749 13.5
M022 21.43999565 -30.71105059 1091.451 13.5
M023 21.44052474 -30.7123378 1092.699 13.5
M024 21.44022486 -30.70970194 1090.453 13.5
M025 21.44198952 -30.70902082 1090.757 13.5
M026 21.44285553 -30.71090183 1092.484 13.5
M027 21.44431135 -30.71126399 1093.559 13.5
M028 21.4433547 -30.71184169 1093.3 13.5
M029 21.44296242 -30.71217484 1093.319 13.5
M030 21.44567663 -30.7100279 1092.933 13.5
M031 21.44646243 -30.71020999 1092.961 13.5
M032 21.44870341 -30.70947268 1092.999 13.5
M033 21.44994929 -30.70326382 1089.276 13.5
M034 21.44762358 -30.7113108 1094.705 13.5
M035 21.44791946 -30.71268687 1096.123 13.5
M036 21.44794146 -30.71367769 1096.409 13.5
M037 21.44785832 -30.71519775 1098.017 13.5
M038 21.44611543 -30.71618776 1097.617 13.5
M039 21.44653755 -30.71639578 1098.045 13.5
M040 21.44360854 -30.71747867 1097.434 13.5
M041 21.44088742 -30.71702284 1095.582 13.5
M042 21.44011331 -30.71520686 1094.212 13.5
M043 21.43731466 -30.71221269 1090.851 13.5
M044 21.43453559 -30.70563965 1084.988 13.5
M045 21.42475868 -30.70864847 1086.148 13.5
M046 21.42857583 -30.69525494 1078.917 13.5
M047 21.43785258 -30.71572063 1093.327 13.5
M048 21.41461184 -30.68682077 1077.108 13.5
M049 21.40625285 -30.70711388 1089.297 13.5
M050 21.42246573 -30.7186628 1091.387 13.5
M051 21.43501363 -30.71799369 1093.287 13.5
M052 21.43769673 -30.72141447 1096.177 13.5
M053 21.44398664 -30.72281978 1100.667 13.5
M054 21.45299068 -30.71556277 1099.066 13.5
M055 21.45643247 -30.71018474 1095.695 13.5
M056 21.46057166 -30.70684586 1092.805 13.5
M057 21.44696335 -30.68165594 1075.945 13.5
M058 21.47316707 -30.6868207 1083.244 13.5
M059 21.4823636 -30.70420579 1098.634 13.5
M060 21.4795882 -30.72764887 1110.423 13.5
M061 21.44371759 -30.7320124 1107.363 13.5
M062 21.42884868 -30.73363478 1107.773 13.5
M063 21.40819056 -30.72764891 1103.023 13.5