M000 21.44380263 -30.71292499 1095.967 13.5
M001 21.44390058 -30.71260458 1095.239 13.5
M002 21.4435537 -30.71307782 1095.114 13.5
M003 21.44319459 -30.71287977 1094.538 13.5
M004 21.44259852 -30.71333673 1094.708 13.5
M005 21.44282331 -30.71360886 1094.803 13.5
M006 21.44369859 -30.71371986 1095.046 13.5
M007 21.44295373 -30.71468757 1095.823 13.5
M008 21.44291264 -30.71588066 1096.477 13.5
M009 21.44422662 -30.7144019 1096.08 13.5
M010 21.44480843 -30.71567185 1097.131 13.5
M011 21.4447658 -30.71423075 1096.214 13.5
M012 21.4453504 -30.71437675 1096.267 13.5
M013 21.44636051 -30.71460393 1097.04 13.5
M014 21.44681848 -30.71363293 1096.192 13.5
M015 21.44608755 -30.71303186 1095.434 13.5
M016 21.44689663 -30.71273181 1095.521 13.5
M017 21.4459725 -30.71206798 1094.641 13.5
M018 21.44499245 -30.71327292 1095.376 13.5
M019 21.44567154 -30.71362782 1095.906 13.5
M020 21.44490153 -30.71375783 1095.645 13.5
M021 21.44079962 -30.71400673 1093.749 13.5
M022 21.43999565 -30.71105059 1091.451 13.5
M023 21.44052474 -30.7123378 1092.699 13.5
M024 21.44022486 -30.70970194 1090.453 13.5
M025 21.44198952 -30.70902082 1090.757 13.5
M026 21.44285553 -30.71090183 1092.484 13.5
M027 21.44431135 -30.71126399 1093.559 13.5
M028 21.4433547 -30.71184169 1093.3 13.5
M029 21.44296242 -30.71217484 1093.319 13.5
M030 21.44567663 -30.7100279 1092.933 13.5
M031 21.44646243 -30.71020999 1092.961 13.5
M032 21.44870341 -30.70947268 1092.999 13.5
M033 21.44994929 -30.70326382 1089.276 13.5
M034 21.44762358 -30.7113108 1094.705 13.5
M035 21.44791946 -30.71268687 1096.123 13.5
M036 21.44794146 -30.71367769 1096.409 13.5
M037 21.44785832 -30.71519775 1098.017 13.5
M038 21.44611543 -30.71618776 1097.617 13.5
M039 21.44653755 -30.71639578 1098.045 13.5
M040 21.44360854 -30.71747867 1097.434 13.5
M041 21.44088742 -30.71702284 1095.582 13.5
M042 21.44011331 -30.71520686 1094.212 13.5
M043 21.43731466 -30.71221269 1090.851 13.5
M044 21.43453559 -30.70563965 1084.988 13.5
M045 21.42475868 -30.70864847 1086.148 13.5
M046 21.42857583 -30.69525494 1078.917 13.5
M047 21.43785258 -30.71572063 1093.327 13.5
M048 21.41461184 -30.68682077 1077.108 13.5
M049 21.40625285 -30.70711388 1089.297 13.5
M050 21.42246573 -30.7186628 1091.387 13.5
M051 21.43501363 -30.71799369 1093.287 13.5
M052 21.43769673 -30.72141447 1096.177 13.5
M053 21.44398664 -30.72281978 1100.667 13.5
M054 21.45299068 -30.71556277 1099.066 13.5
M055 21.45643247 -30.71018474 1095.695 13.5
M056 21.46057166 -30.70684586 1092.805 13.5
M057 21.44696335 -30.68165594 1075.945 13.5
M058 21.47316707 -30.6868207 1083.244 13.5
M059 21.4823636 -30.70420579 1098.634 13.5
M060 21.4795882 -30.72764887 1110.423 13.5
M061 21.44371759 -30.7320124 1107.363 13.5
M062 21.42884868 -30.73363478 1107.773 13.5
M063 21.40819056 -30.72764891 1103.023 13.5
SKA001 21.449412 -30.71329 1098.074 15.0
SKA002 21.443214 -30.711544 1094.414 15.0
SKA003 21.442342 -30.710966 1093.534 15.0
SKA004 22.22182798 -30.28088087 1080.493 15.0
SKA005 20.89338592 -30.26224096 968.324 15.0
SKA006 21.1123432 -30.26067171 993.983 15.0
SKA007 21.28299042 -30.30307255 1006.403 15.0
SKA008 20.596389 -30.308528 957.832 15.0
SKA009 21.422333 -30.361861 1026.682 15.0
SKA010 21.48118527 -30.43735261 1023.542 15.0
SKA011 22.16226869 -30.5015692 1070.782 15.0
SKA012 21.53695202 -30.49523798 1029.832 15.0
SKA013 21.57663527 -30.56085037 1036.912 15.0
SKA014 21.56819629 -30.6223174 1105.022 15.0
SKA015 21.374214 -30.638584 1059.332 15.0
SKA016 21.32584356 -30.64372728 1050.431 15.0
SKA017 21.4063313 -30.642963 1056.332 15.0
SKA018 21.42589249 -30.65386189 1062.681 15.0
SKA019 21.27685507 -30.65892183 1066.521 15.0
SKA020 21.45176724 -30.65931641 1067.071 15.0
SKA021 22.04672 -30.65899 1138.201 15.0
SKA022 21.57385067 -30.66960267 1136.961 15.0
SKA023 21.46088514 -30.67446849 1076.841 15.0
SKA024 21.46210788 -30.68665739 1082.9 15.0
SKA025 21.23088 -30.68665 1089.33 15.0
SKA026 21.46402731 -30.69234894 1086.33 15.0
SKA027 21.55113077 -30.69497333 1165.07 15.0
SKA028 21.43018 -30.70076 1082.48 15.0
SKA029 21.4344917 -30.701264 1083.83 15.0
SKA030 21.439049 -30.702356 1085.48 15.0
SKA031 21.4215593 -30.702581 1085.609 15.0
SKA032 21.4645868 -30.702805 1090.719 15.0
SKA033 21.4444697 -30.704982 1089.889 15.0
SKA034 21.4135728 -30.706149 1088.549 15.0
SKA035 21.4409894 -30.706517 1089.739 15.0
SKA036 21.4453007 -30.707819 1092.219 15.0
SKA037 21.4622289 -30.708744 1096.089 15.0
SKA038 21.4405906 -30.708913 1091.319 15.0
SKA039 21.4436864 -30.709254 1092.959 15.0
SKA040 21.43507924 -30.70899275 1088.989 15.0
SKA041 21.4416387 -30.710689 1093.099 15.0
SKA042 21.4451202 -30.711168 1095.068 15.0
SKA043 21.4390904 -30.711278 1092.328 15.0
SKA044 21.4437639 -30.711281 1094.388 15.0
SKA045 21.4522796 -30.711729 1096.908 15.0
SKA046 21.4443592 -30.711825 1094.988 15.0
SKA047 21.4405425 -30.711918 1093.528 15.0
SKA048 21.4423558 -30.712025 1094.178 15.0
SKA049 21.4435744 -30.712107 1094.937 15.0
SKA050 21.4444375 -30.712193 1095.318 15.0
SKA051 21.4439168 -30.712207 1095.098 15.0
SKA052 21.4426256 -30.712211 1094.517 15.0
SKA053 21.4433231 -30.712317 1094.857 15.0
SKA054 21.4473345 -30.712406 1096.707 15.0
SKA055 21.4416585 -30.712409 1094.127 15.0
SKA056 21.4436675 -30.712428 1095.177 15.0
SKA057 21.4429691 -30.71245 1094.777 15.0
SKA058 21.4422514 -30.712485 1094.567 15.0
SKA059 21.4442278 -30.712544 1095.446 15.0
SKA060 21.4052401 -30.712547 1093.696 15.0
SKA061 21.445672 -30.712552 1096.256 15.0
SKA062 21.4432796 -30.712597 1095.066 15.0
SKA063 21.4352434 -30.712648 1091.496 15.0
SKA064 21.4426044 -30.712715 1094.836 15.0
SKA065 21.4429391 -30.712722 1095.036 15.0
SKA066 21.4445107 -30.71285 1095.816 15.0
SKA067 21.4451171 -30.712941 1096.185 15.0
SKA068 21.4419132 -30.71295 1094.935 15.0
SKA069 21.4426862 -30.712981 1095.045 15.0
SKA070 21.45839335 -30.71299125 1099.365 15.0
SKA071 21.4441059 -30.712991 1095.944 15.0
SKA072 21.4423381 -30.713089 1095.113 15.0
SKA073 21.4432221 -30.713174 1095.493 15.0
SKA074 21.442917 -30.713281 1095.563 15.0
SKA075 21.4439358 -30.713328 1095.883 15.0
SKA076 21.4442883 -30.713364 1096.093 15.0
SKA077 21.4400382 -30.713405 1094.222 15.0
SKA078 21.4422628 -30.713413 1095.482 15.0
SKA079 21.4435953 -30.713434 1095.872 15.0
SKA080 21.4432548 -30.713481 1095.971 15.0
SKA081 21.4446124 -30.713603 1096.449 15.0
SKA082 21.4440499 -30.713665 1096.319 15.0
SKA083 21.4377571 -30.713717 1093.218 15.0
SKA084 21.4418779 -30.713786 1095.427 15.0
SKA085 21.4424806 -30.713809 1095.836 15.0
SKA086 21.4434036 -30.713858 1096.225 15.0
SKA087 21.4427442 -30.714023 1096.094 15.0
SKA088 21.4436833 -30.714159 1096.584 15.0
SKA089 21.4457952 -30.714161 1097.584 15.0
SKA090 21.4410498 -30.714684 1095.653 15.0
SKA091 21.4435517 -30.714778 1097.083 15.0
SKA092 21.4474835 -30.714879 1098.679 15.0
SKA093 21.4421612 -30.714887 1096.407 15.0
SKA094 21.4442517 -30.715123 1097.496 15.0
SKA095 21.4398972 -30.715681 1095.775 15.0
SKA096 21.4555383 -30.715743 1101.434 15.0
SKA097 21.4439389 -30.716027 1097.873 15.0
SKA098 21.4376419 -30.716174 1094.331 15.0
SKA099 21.4449919 -30.716377 1098.518 15.0
SKA100 21.4490364 -30.717223 1101.125 15.0
SKA101 21.444662 -30.718358 1099.895 15.0
SKA102 21.4363558 -30.718739 1094.945 15.0
SKA103 21.4402166 -30.719265 1097.385 15.0
SKA104 21.4472659 -30.720233 1102.232 15.0
SKA105 21.53229856 -30.72375434 1142.091 15.0
SKA106 21.43284944 -30.72091251 1096.019 15.0
SKA107 21.3974997 -30.722426 1101.078 15.0
SKA108 21.43389914 -30.72517868 1099.558 15.0
SKA109 21.4376456 -30.729515 1103.265 15.0
SKA110 21.51112423 -30.73479045 1133.427 15.0
SKA111 21.4424172 -30.734251 1109.727 15.0
SKA112 21.18376996 -30.72881114 1156.596 15.0
SKA113 21.3917083 -30.736333 1111.045 15.0
SKA114 21.45243193 -30.73975934 1119.671 15.0
SKA115 21.493833 -30.736932 1128.942 15.0
SKA116 21.4602722 -30.742016 1126.282 15.0
SKA117 21.4728481 -30.736715 1120.411 15.0
SKA118 21.39467576 -30.75229296 1118.345 15.0
SKA119 21.3971606 -30.77855145 1141.066 15.0
SKA120 21.88741798 -30.75980972 1196.679 15.0
SKA121 21.41272 -30.80198 1179.839 15.0
SKA122 21.1448195 -30.80984136 1149.485 15.0
SKA123 21.42369086 -30.8415849 1207.491 15.0
SKA124 21.80449227 -30.84449024 1203.634 15.0
SKA125 21.4589582 -30.8652901 1234.067 15.0
SKA126 21.508972 -30.879667 1361.812 15.0
SKA127 21.6973379 -30.883676 1251.959 15.0
SKA128 21.63561248 -30.86917657 1305.799 15.0
SKA129 21.10890461 -30.91061099 1200.977 15.0
SKA130 21.0771837 -31.04189381 1240.31 15.0
SKA131 21.16952104 -31.20125506 1184.331 15.0
SKA132 21.267511 -31.337997 1136.22 15.0
SKA133 21.49901372 -31.5195923 1219.565 15.0
